212.5 482 -0.198925 -1.15301 169.421 499 0 0 1 330 0.01 0 1000
0 0 0 0 0 0 0 0 0 0 0 0 0 0 0 0 0 
0 1 0 0 0 0 0 1 1 1 0 0 0 0 0 1 0 
0 0 1 0 0 0 0 0 1 0 0 0 0 0 1 0 0 
0 0 0 2 2 1 2 0 1 0 2 1 2 2 0 0 0 
0 0 0 0 0 0 0 1 1 1 0 0 0 0 0 0 0 
0 0 0 0 0 0 0 0 1 0 0 0 0 0 0 0 0 
0 0 0 1 1 1 1 1 1 1 1 1 1 1 0 0 0 
0 0 0 0 1 0 0 0 9 0 0 0 1 0 0 0 0 
0 0 0 0 1 0 0 3 0 3 0 0 1 0 0 0 0 
0 0 0 0 1 1 1 3 1 3 1 1 1 0 0 0 0 
0 0 0 0 0 0 0 0 2 0 0 0 0 0 0 0 0 
1 1 1 0 9 0 0 0 3 0 0 0 9 0 1 1 1 
0 1 1 0 0 0 0 1 0 1 0 0 0 0 1 1 0 
0 0 1 0 0 2 2 0 0 0 2 2 0 0 1 0 0 
0 0 0 0 0 1 0 1 1 1 0 1 0 0 0 0 0 
-1 -1 -1 0 0 1 0 1 0 1 0 1 0 0 -1 -1 -1 
0 0 0 0 3 0 0 1 0 1 0 0 3 0 0 0 0 
